ikenai
A 80
7_1 0.25
3 0.25
5 0.25
7 0.25
7_1 0.25
3 0.25
5 0.25
7 0.25
7_1 0.25
2S 0.25
4S 0.25
7 0.25
7_1 0.25
2S 0.25
4S 0.25
6 0.25
7_1 0.25
3 0.25
5 0.25
7 0.25
7_1 0.25
3 0.25
5 0.25
7 0.25
7_1 0.25
2S 0.25
4S 0.25
6 0.25
7_1 0.25
2S 0.25
4S 0.25
6 0.25
7_1 0.25
3 0.25
5 0.25
7 0.25
7_1 0.25
3 0.25
5 0.25
7 0.25
7_1 0.25
2S 0.25
4S 0.25
7 0.25
7_1 0.25
3 0.25
5 0.25
7 0.25
7_1 0.25
3 0.25
5 0.25
7 0.25
7_1 0.25
2S 0.25
4S 0.25
6 0.25
7_1 0.25
7_1 0.25
7_1 0.5
6 0.5
3 0.5
3 0.25
3 0.25
3 0.25
2S 0.25
3 0.5
3 0.5
3 0.25
3 0.25
3 0.25
2S 0.25
3 0.5
3 0.5
3 0.25
2 0.25
1 0.25
3 0.25
3 1
6 0.25
6 0.25
6 0.25
6 0.25
1^1 0.5
6 0.25
6 0.25
1^1 0.25
6 0.25
0 0.25
5 0.25
0 0.25
3 0.25
2 0.25
1 0.25
2 0.5
1 0.25
3 0.25
3 2
0 1.25
3 0.25
3 0.25
2S 0.25

3 0.5
3 0.5
3 0.25
3 0.25
3 0.25
2S 0.25
3 0.5
3 0.5
3 0.25
2S 0.25
3 0.5
3 0.5
3 0.25
2 0.25
1 0.25
3 0.25
3 1
0 0.25
6 0.25
6 0.25
6 0.25
1^1 0.5
6 0.25
0 0.25
1^1 0.25
6 0.25
0 0.25
5 0.25
0 0.25
3 0.25
2 0.25
1 0.25
2 0.5
1 0.25
3 0.25
3 2
0 1.25
3 0.25
3 0.25
3 0.25
6 0.5
3 0.5
2 0.25
1 0.25
2 0.25
1 0.25
3 1
0 0.25
3 0.25
3 0.25
3 0.25
6 0.5
3 0.5
2 0.25
1 0.25
2 0.25
1 0.25
3 1
0 0.25
6 0.25
6 0.25
6 0.25
1^1 0.5
6 0.5
5 0.25
3 0.25
2 0.25
1 0.25
2 0.5
2 0.25
1 0.25
2 0.25
1 0.25
2 0.25
1 0.25
3 2
3 0.25
3 0.25
3 0.25
3 0.25
0 0.25
3 0.25
3 0.25
3 0.25
6 0.5
3 0.5
2 0.25
1 0.25
2 0.25
1 0.25
3 1
0 0.25
3 0.25
3 0.25
3 0.25
6 0.5
3 0.5
2 0.25
1 0.25
2 0.25
1 0.25
3 1
0 0.25
6 0.25
6 0.25
6 0.25
1^1 0.5
6 0.5
5 0.25
3 0.25
2 0.25
1 0.25
2 0.5
2 0.25
1 0.25
2 0.25
1 0.25
2 0.25
1 0.25
3 1.75
6 2.25
0 0.25
6 0.5
6 0.5
6 0.5
6 0.5
6 0.5
6 0.5
6 0.5
6 0.25
6 0.25
6 0.5
6 0.5
6 0.5
6 0.5
6 0.25
6 0.25
6 0.25
6 0.25
5 0.25
4 0.25
0 0.25
0 0.25
5 0.5
5 0.5
5 0.5
5 0.5
5 0.5
5 0.5
6 0.25
5 0.25
6 0.25
7 0.5
7 0.25
7 0.5
3^1 0.25
3^1 0.25
2^1 2.25
0 1
6 0.25
6 0.25
7 0.25
6 0.25
1^1 2
1^1 0.25
1^1 0.25
1^1 0.25
1^1 0.25
2^1 0.25
1^1 0.25
1^1 0.25
2^1 2.25
2^1 0.25
2^1 0.25
2^1 0.25
2^1 0.25
3^1 0.5
2^1 0.25
1^1 0.5
0 0.75
1^1 0.25
2^1 0.25
3^1 0.25
1^1 0.25
4^1 0.5
3^1 0.25
2^1 0.5
1^1 0.25
3^1 0.25
3^1 0.25
2^1 2
0 1
6 0.25
6 0.25
7 0.25
6 0.25
1^1 2
1^1 0.25
1^1 0.25
1^1 0.25
1^1 0.25
2^1 0.25
1^1 0.25
1^1 0.25
2^1 2.25
2^1 0.375
2^1 0.125
2^1 0.25
2^1 0.25
3^1 0.5
2^1 0.25
1^1 0.5
0 0.75
1^1 0.25
2^1 0.25
3^1 0.25
1^1 0.25
4^1 0.5
3^1 0.25
2^1 0.5
1^1 0.25
3^1 0.25
3^1 0.25
2^1 1.75
3 0.25
3^1 0.75
2^1 0.25
1^1 0.25
2^1 0.25
1^1 0.5
6 0.25

6 2
0 2

3 0.5
3 0.5
3 0.25
3 0.25
3 0.25
2S 0.25
3 0.5
3 0.5
3 0.25
2S 0.25
3 0.5
3 0.5
3 0.25
2 0.25
1 0.25
3 0.25
3 1
0 0.25
6 0.25
6 0.25
6 0.25
1^1 0.5
6 0.25
0 0.25
1^1 0.25
6 0.25
0 0.25
5 0.25
0 0.25
3 0.25
2 0.25
1 0.25
2 0.5
1 0.25
3 0.25
3 2
3 0.25
3 0.25
3 0.25
3 0.25
0 0.25
3 0.25
3 0.25
3 0.25
6 0.5
3 0.5
2 0.25
1 0.25
2 0.25
1 0.25
3 1
0 0.25
3 0.25
3 0.25
3 0.25
6 0.5
3 0.5
2 0.25
1 0.25
2 0.25
1 0.25
3 1
0 0.25
6 0.25
6 0.25
6 0.25
1^1 0.5
6 0.5
5 0.25
3 0.25
2 0.25
1 0.25
2 0.5
2 0.25
1 0.25
2 0.25
1 0.25
2 0.25
1 0.25
3 2
0 0.25
3 0.25
3 0.25
3 0.25
6 0.5
3 0.5
2 0.25
1 0.25
2 0.25
1 0.25
3 1
0 0.25
3 0.25
3 0.25
3 0.25
6 0.5
3 0.5
2 0.25
1 0.25
2 0.25
1 0.25
3 1
0 0.25
6 0.25
6 0.25
6 0.25
1^1 0.5
6 0.5
5 0.25
3 0.25
2 0.25
1 0.25
2 0.5
2 0.25
1 0.25
2 0.25
1 0.25
2 0.25
1 0.25
3 1.75
6 2.25
0 0.25
6 0.5
6 0.5
6 0.5
6 0.5
6 0.5
6 0.5
6 0.5
6 0.25
6 0.25
6 0.5
6 0.5
6 0.5
6 0.5
6 0.25
6 0.25
6 0.25
6 0.25
5 0.25
4 0.25
0 0.25
0 0.25
5 0.5
5 0.5
5 0.5
5 0.5
5 0.5
5 0.5
6 0.25
5 0.25
6 0.25
7 0.5
7 0.25
7 0.5
3^1 0.25
3^1 0.25
2^1 2.25
0 1
6 0.25
6 0.25
7 0.25
6 0.25
1^1 2
1^1 0.25
1^1 0.25
1^1 0.25
1^1 0.25
2^1 0.25
1^1 0.25
1^1 0.25
2^1 2.25
2^1 0.25
2^1 0.25
2^1 0.25
2^1 0.25
3^1 0.5
2^1 0.25
1^1 0.5
0 0.75
1^1 0.25
2^1 0.25
3^1 0.25
1^1 0.25
4^1 0.5
3^1 0.25
2^1 0.5
1^1 0.25
3^1 0.25
3^1 0.25
2^1 2
0 1
6 0.25
6 0.25
7 0.25
6 0.25
1^1 2
1^1 0.25
1^1 0.25
1^1 0.25
1^1 0.25
2^1 0.25
1^1 0.25
1^1 0.25
2^1 2.25
2^1 0.375
2^1 0.125
2^1 0.25
2^1 0.25
3^1 0.5
2^1 0.25
1^1 0.5
0 0.75
1^1 0.25
2^1 0.25
3^1 0.25
1^1 0.25
4^1 0.5
3^1 0.25
2^1 0.5
1^1 0.25
3^1 0.25
3^1 0.25
2^1 1.75
3 0.25
3^1 0.75
2^1 0.25
1^1 0.25
2^1 0.25
1^1 0.5
6 0.25

0 0.25
6_1 0.25
0 0.25
7 0.25
1 0.25
7_1 0.25
6_1 0.25
7_1 0.25
0 0.25
7_1 0.25
0 0.25
1 0.25
2 0.25
1 0.25
7_1 0.25
0 0.25

0 0.25
6_1 0.25
0 0.25
7 0.25
1 0.25
7_1 0.25
6_1 0.25
7_1 0.25
0 0.25
7_1 0.25
0 0.25
1 0.25
2 0.25
1 0.25
7_1 0.25
0 0.25

0 0.25
1 0.25
0 0.25
2 0.25
3 0.25
2 0.25
1 0.25
2 0.25
0 0.25
2 0.25
0 0.25
3 0.25
3 0.5
0 0.5
3_1 0.25
3_1 0.25
3_1 0.25
5_1 0.25
5S_1 0.25
7_1 0.25
2 0.25
7_1 0.25
3_1 0.25
3_1 0.25
3_1 0.25
5_1 0.25
5S_1 0.25
7_1 0.25
2 0.25
7_1 0.25
3 0.25
3 0.25
3 0.25
5 0.25
5S 0.25
7 0.25
2^1 0.25
7 0.25
7 0.125
2^1 0.125
1^1 0.125
6 0.125
7 0.125
1^1 0.125
2^1 0.125
7 0.125
2^1 0.125
3^1 0.125
4^1 0.125
2^1 0.125
4^1 0.125
3^1 0.125
2^1 0.125
3^1 0.125
3^1 0.5
0 0.5

6 0.25
6 0.25
7 0.25
6 0.25
1^1 2
1^1 0.25
1^1 0.25
1^1 0.25
1^1 0.25
2^1 0.25
1^1 0.25
1^1 0.25
2^1 2.25
2^1 0.25
2^1 0.25
2^1 0.25
2^1 0.25
3^1 0.5
2^1 0.25
1^1 0.5
0 0.75
1^1 0.25
2^1 0.25
3^1 0.25
1^1 0.25
4^1 0.5
3^1 0.25
2^1 0.5
1^1 0.25
3^1 0.25
3^1 0.25
2^1 2
0 1
6 0.25
6 0.25
7 0.25
6 0.25
1^1 2
1^1 0.25
1^1 0.25
1^1 0.25
1^1 0.25
2^1 0.25
1^1 0.25
1^1 0.25
2^1 2.25
2^1 0.375
2^1 0.125
2^1 0.25
2^1 0.25
3^1 0.5
2^1 0.25
1^1 0.5
0 0.75
1^1 0.25
2^1 0.25
3^1 0.25
1^1 0.25
4^1 0.5
3^1 0.25
2^1 0.5
1^1 0.25
3^1 0.25
3^1 0.25

2^1 1.75
3 0.25
3^1 0.5
2^1 0.25
1^1 0.25
2^1 0.25
1^1 0.5
6 1.25
0 0.75
6S 0.25
0 0.25
1^1 0.25
1S^1 0.25
2S^1 0.25

6 0.25
6 0.25
7 0.25
6 0.25
1^1 2
1^1 0.25
1^1 0.25
1^1 0.25
1^1 0.25
2^1 0.25
1^1 0.25
1^1 0.25
2^1 2.25
2^1 0.25
2^1 0.25
2^1 0.25
2^1 0.25
3^1 0.5
2^1 0.25
1^1 0.5
0 0.75
1^1 0.25
2^1 0.25
3^1 0.25
1^1 0.25
4^1 0.5
3^1 0.25
2^1 0.5
1^1 0.25
3^1 0.25
3^1 0.25
2^1 2
0 1
6 0.25
6 0.25
7 0.25
6 0.25
1^1 2
1^1 0.25
1^1 0.25
1^1 0.25
1^1 0.25
2^1 0.25
1^1 0.25
1^1 0.25
2^1 2.25
2^1 0.375
2^1 0.125
2^1 0.25
2^1 0.25
3^1 0.5
2^1 0.25
1^1 0.5
0 0.75
1^1 0.25
2^1 0.25
3^1 0.25
1^1 0.25
4^1 0.5
3^1 0.25
2^1 0.5
1^1 0.25
3^1 0.25
3^1 0.25

2^1 2
3 0.75
5 0.25
5S 0.25
7 0.25
2^1 0.25
3^1 0.25

2^1 0.75
1^1 1.25
2^1 0.5
1^1 0.25
7 0.5
6 0.25
6 0.5
1^1 2
0 0.25
7 0.25
0 0.25
7 0.25
0 0.25
7 0.25
7 0.25
7 0.25
2^1 0.75
1^1 0.25
1^1 1
2^1 0.5
1^1 0.25
7 0.5
6 0.25
6 2.5
0 0.25
7 0.25
0 0.25
7 0.25
0 0.25
7 0.25
7 0.25
7 0.25

2^1 0.75
1^1 1.25
2^1 0.5
1^1 0.25
7 0.5
6 0.25
6 0.5
1^1 2
0 0.25
7 0.25
0 0.25
7 0.25
0 0.25
7 0.25
7 0.25
7 0.25
2^1 0.75
1^1 0.25
1^1 1
2^1 0.5
1^1 0.25
7 0.5
6 0.25
6 2.5
0 0.25
7 0.25
0 0.25
7 0.25
0 0.25
7 0.25
7 0.25
7 0.25

6 0.5
0 0.25
6 0.25
0 1
